
##Hollander-Wolfe-Chicken Example 3.11 Insulin Clearance in Kidney Transplants
#x<-c(61.4,63.3,63.7,80,77.3,84,105, 70.8,89.2,65.8,67.1,87.3,85.1)
#y<-c(70.8,89.2,65.8,67.1,87.3,85.1,88.1, 61.4,63.3,63.7,80,77.3,84)

# AA

x0 <- c(0.05479455, 0.20890409, 0.11643834, 0.10616445, 0.22260271,
        0.10273971, 0.17465754, 0.21232882, 0.17123297, 0.2431508 ,
        0.31164387, 0.28082192, 0.18835616, 0.15753435, 0.28424665,
        0.1917809 , 0.03767128, 0.2431508 , 0.19520546, 0.3767124 ,
        0.22602744, 0.0513699 , 0.22602744, 0.41780826, 0.15753435,
        0.22602744, 0.12328764, 0.23630132, 0.14041099, 0.26369873,
        0.36643836, 0.21917813, 0.22260271, 0.20890409, 0.36643836,
        0.260274  , 0.11986307, 0.12328764, 0.17808227, 0.0890411 ,
        0.10958903, 0.12671238, 0.        , 0.05479455, 0.21917813,
        0.16095892, 0.03424663, 0.07534248, 0.20205478, 0.24657537,
        0.15410961, 0.22602744, 0.20547952, 0.35273972, 0.14726031,
        0.15068488, 0.0513699 , 0.07876722, 0.1917809 , 0.09246583,
        0.12671238, 0.14726031, 0.22602744, 0.1986302 , 0.17465754,
        0.2431508 , 0.11301376, 0.23287675, 0.51712334, 0.26712328,
        0.34589043, 0.2431508 , 0.3321918 , 0.52397263, 0.3253425 ,
        0.10616445, 0.32876724, 0.16095892, 0.21917813, 0.13698626,
        0.31164387, 0.09931514, 0.15068488, 0.03424663, 0.34931517,
        0.17808227, 0.3321918 , 0.4657534 , 0.4006849 , 0.06849317,
        0.20547952, 0.1986302 , 0.0958904 , 0.40410963, 0.4657534 ,
        0.29452053, 0.13356169, 0.2500001 , 0.09931514, 0.21232882,
        0.45547953, 0.35273972, 0.44178092, 0.46917814, 0.4486302 ,
        0.421233  , 0.52054805, 0.3253425 , 0.52739733, 0.36643836,
        0.52397263, 0.34589043, 0.17808227, 0.36643836, 0.42465755,
        0.20547952, 0.3938356 , 0.33561656, 0.48287678, 0.48630133,
        0.47260273, 0.54794526, 0.3835617 , 0.49315065, 0.44178092,
        0.35273972, 0.48630133, 0.31164387, 0.49315065, 0.25342467,
        0.45547953, 0.41095895, 0.46917814, 0.37328765, 0.23972605,
        0.3561645 , 0.11301376, 0.36643836, 0.34931517, 0.3184932 ,
        0.2568494 , 0.31164387, 0.3869863 , 0.48287678, 0.44178092,
        0.4486302 , 0.39041102, 0.36643836, 0.20890409, 0.36301377,
        0.38013697, 0.3869863 , 0.13698626, 0.44520548, 0.23972605,
        0.37328765, 0.45547953, 0.3698631 , 0.41095895, 0.57534254,
        0.7294521 , 0.41438368, 0.57534254, 0.4657534 , 0.2876712 ,
        1.        , 0.35273972, 0.52739733, 0.45547953, 0.30136985,
        0.41095895, 0.4075342 , 0.5787671 , 0.6130138 , 0.421233  ,
        0.5821918 , 0.4486302 , 0.39726034, 0.41438368, 0.4486302 ,
        0.64726037, 0.28424665, 0.38013697, 0.3938356 , 0.52739733,
        0.4657534 , 0.510274  , 0.41780826, 0.41438368, 0.421233  ,
        0.4965754 , 0.4383562 , 0.42465755, 0.28424665, 0.4486302 ,
        0.52739733, 0.36301377, 0.3767124 , 0.6369863 , 0.421233  ,
        0.4006849 , 0.541096 )

x1 <- c(0.38181818, 0.45454547, 0.15454546, 0.1818182 , 0.31818184,
        0.10000002, 0.1818182 , 0.2181818 , 0.50909084, 0.10000002,
        0.1818182 , 0.36363637, 0.4090909 , 0.26363635, 0.24545455,
        0.22727275, 0.36363637, 0.45454547, 0.43636367, 0.32727274,
        0.2181818 , 0.        , 0.56363636, 0.28181818, 0.22727275,
        0.2090909 , 0.22727275, 0.3909091 , 0.38181818, 0.29999998,
        0.28181818, 0.6181818 , 0.29999998, 0.23636365, 0.36363637,
        0.90909094, 0.24545455, 0.3909091 , 0.28181818, 0.22727275,
        0.25454545, 0.15454546, 0.29999998, 0.2       , 0.58181816,
        0.6636364 , 0.27272728, 0.52727276, 0.57272726, 0.16363636,
        0.6727272 , 0.690909  , 0.54545456, 0.4636363 , 0.32727274,
        0.4636363 , 0.29999998, 0.47272727, 0.2       , 0.23636365,
        0.14545456, 0.43636367, 0.45454547, 0.22727275, 0.1818182 ,
        0.16363636, 0.33636364, 0.56363636, 0.56363636, 0.22727275,
        0.31818184, 0.5181818 , 0.34545454, 0.54545456, 0.38181818,
        0.36363637, 0.3909091 , 0.32727274, 0.25454545, 0.29090908,
        0.32727274, 0.28181818, 0.29999998, 0.24545455, 0.3909091 ,
        0.31818184, 0.35454544, 0.4454545 , 0.4090909 , 0.08181817,
        0.06363637, 0.41818187, 0.29999998, 0.28181818, 0.35454544,
        0.28181818, 0.5181818 , 0.15454546, 0.14545456, 0.28181818,
        0.34545454, 0.3909091 , 0.12727271, 0.07272727, 0.30909088,
        0.34545454, 0.24545455, 0.4818182 , 0.29999998, 0.13636366,
        0.17272726, 0.26363635, 0.09090912, 0.4454545 , 0.34545454,
        0.1818182 , 0.23636365, 0.54545456, 0.31818184, 0.4636363 ,
        0.29090908, 0.31818184, 0.1909091 , 0.38181818, 0.6181818 ,
        0.15454546, 0.24545455, 0.4272727 , 0.35454544, 0.23636365,
        0.22727275, 0.30909088, 0.4272727 , 0.38181818, 0.5363636 ,
        0.45454547, 0.50909084, 0.3727273 , 0.28181818, 0.30909088,
        0.2090909 , 0.35454544, 0.36363637, 0.38181818, 0.50909084,
        0.57272726, 0.27272728, 0.27272728, 0.10909092, 0.05454547,
        0.5181818 , 0.36363637, 0.10909092, 0.25454545, 0.25454545,
        0.22727275, 0.06363637, 0.09090912, 0.4454545 , 0.11818182,
        0.28181818, 0.50909084, 0.26363635, 0.4636363 , 0.5181818 ,
        0.34545454, 0.29999998, 0.3909091 , 0.11818182, 0.13636366,
        0.17272726, 0.35454544, 0.23636365, 0.41818187, 0.29999998,
        0.28181818, 0.54545456, 0.45454547, 0.50909084, 0.49090907,
        0.6818182 , 0.52727276, 0.62727267, 0.38181818, 0.60909086,
        0.8727272 , 0.8545454 , 0.25454545, 0.59090906, 0.38181818,
        0.3727273 , 0.47272727, 0.24545455, 1.        , 0.33636364,
        0.26363635, 0.50909084, 0.3909091 , 0.45454547, 0.28181818,
        0.5       , 0.27272728)

